PMX Bone Weight
0.33332,16.77933,-0.16876,0.9295123,-0.01380162,-0.3685329,Žñ,,,,1,0,0,0,False,0,0,0,0,0,0,0,0,0
0.36141,16.79562,-0.07384,0.9961203,-0.02500454,0.08437529,Žñ,,,,1,0,0,0,False,0,0,0,0,0,0,0,0,0
0.30797,16.80715,0.0512,0.8293481,0.001828904,0.5587293,Žñ,,,,1,0,0,0,False,0,0,0,0,0,0,0,0,0
0.20743,16.81096,0.16381,0.5914516,0.04101532,0.8052967,Žñ,,,,1,0,0,0,False,0,0,0,0,0,0,0,0,0
0.09538,16.80556,0.22012,0.3304907,0.06885575,0.9412943,Žñ,,,,1,0,0,0,False,0,0,0,0,0,0,0,0,0
0,16.80081,0.24349,0,0.08311734,0.9965398,Žñ,,,,1,0,0,0,False,0,0,0,0,0,0,0,0,0
0,16.80851,-0.47079,7.803551E-09,-0.1802878,-0.983614,Žñ,,,,1,0,0,0,False,0,0,0,0,0,0,0,0,0
0.27966,16.69568,-0.27571,0.7773871,0.03375027,-0.6281165,Žñ,,,,1,0,0,0,False,0,0,0,0,0,0,0,0,0
0.16269,16.50864,-0.41291,0.7021384,0.07647229,-0.7079221,Žñ,,,,1,0,0,0,False,0,0,0,0,0,0,0,0,0
0.07834,16.66212,-0.44787,0.3597795,0.02767427,-0.9326268,Žñ,,,,1,0,0,0,False,0,0,0,0,0,0,0,0,0
0,16.66165,-0.46471,3.818952E-09,-0.00232343,-0.9999974,Žñ,,,,1,0,0,0,False,0,0,0,0,0,0,0,0,0
0,16.47931,-0.46973,3.791322E-09,0.03945712,-0.9992213,Žñ,,,,1,0,0,0,False,0,0,0,0,0,0,0,0,0
0.12873,16.4838,-0.449,0.4669061,0.09426506,-0.8792683,Žñ,,,,1,0,0,0,False,0,0,0,0,0,0,0,0,0
-0.33332,16.77933,-0.16876,-0.9348806,-0.02103036,-0.3543389,Žñ,,,,1,0,0,0,False,0,0,0,0,0,0,0,0,0
-0.35586,16.79562,-0.07384,-0.993134,-0.05231553,0.1046329,Žñ,,,,1,0,0,0,False,0,0,0,0,0,0,0,0,0
-0.30242,16.80715,0.0512,-0.8342069,-0.02170238,0.5510242,Žñ,,,,1,0,0,0,False,0,0,0,0,0,0,0,0,0
-0.20743,16.81096,0.16381,-0.5971316,0.03306392,0.8014615,Žñ,,,,1,0,0,0,False,0,0,0,0,0,0,0,0,0
-0.09538,16.80556,0.22012,-0.3304907,0.06885574,0.9412943,Žñ,,,,1,0,0,0,False,0,0,0,0,0,0,0,0,0
-0.27966,16.69568,-0.27571,-0.7773871,0.03375027,-0.6281165,Žñ,,,,1,0,0,0,False,0,0,0,0,0,0,0,0,0
-0.16269,16.50864,-0.41291,-0.7021384,0.07647229,-0.7079221,Žñ,,,,1,0,0,0,False,0,0,0,0,0,0,0,0,0
-0.07834,16.66212,-0.44787,-0.3597795,0.02767427,-0.9326268,Žñ,,,,1,0,0,0,False,0,0,0,0,0,0,0,0,0
-0.12873,16.4838,-0.449,-0.4669061,0.09426506,-0.8792684,Žñ,,,,1,0,0,0,False,0,0,0,0,0,0,0,0,0
0.15812,16.66937,-0.40008,0.6542401,0.05000308,-0.7546321,Žñ,,,,1,0,0,0,False,0,0,0,0,0,0,0,0,0
-0.15812,16.66937,-0.40008,-0.6542401,0.05000309,-0.7546321,Žñ,,,,1,0,0,0,False,0,0,0,0,0,0,0,0,0
0.3655,16.93211,-0.06699,0.9982489,-0.04656096,0.03648553,Žñ,,,,1,0,0,0,False,0,0,0,0,0,0,0,0,0
0.30571,16.93855,0.05429,0.8361706,-0.03924393,0.5470636,Žñ,,,,1,0,0,0,False,0,0,0,0,0,0,0,0,0
0.20095,16.9393,0.1608,0.5819829,0.0006937034,0.8132007,Žñ,,,,1,0,0,0,False,0,0,0,0,0,0,0,0,0
0.09468,16.93734,0.21026,0.3261337,0.02090756,0.9450924,Žñ,,,,1,0,0,0,False,0,0,0,0,0,0,0,0,0
0,16.93618,0.23119,0,0.02904689,0.9995781,Žñ,,,,1,0,0,0,False,0,0,0,0,0,0,0,0,0
0.20222,17.02093,0.16312,0.5684081,-0.06402887,0.8202516,Žñ,“ª,,,0.6972891,0.3027109,0,0,False,0,0,0,0,0,0,0,0,0
0.3114,17.02052,0.05631,0.8046522,-0.07982475,0.5883561,Žñ,“ª,,,0.6874601,0.3125399,0,0,False,0,0,0,0,0,0,0,0,0
0.09695,17.02047,0.21163,0.3225012,-0.06417602,0.944391,Žñ,“ª,,,0.7103585,0.2896415,0,0,False,0,0,0,0,0,0,0,0,0
0.36227,17.01607,-0.10056,0.96724,-0.0524976,-0.2483766,Žñ,“ª,,,0.6694901,0.3305099,0,0,False,0,0,0,0,0,0,0,0,0
0,17.01997,0.23349,0,-0.06815517,0.9976746,Žñ,“ª,,,0.7136472,0.2863528,0,0,False,0,0,0,0,0,0,0,0,0
-0.36349,16.93211,-0.06699,-0.9964408,-0.06876516,0.04875738,Žñ,,,,1,0,0,0,False,0,0,0,0,0,0,0,0,0
-0.30571,16.93855,0.05429,-0.83896,-0.05282293,0.5416234,Žñ,,,,1,0,0,0,False,0,0,0,0,0,0,0,0,0
-0.20095,16.9393,0.1608,-0.5847524,-0.003308096,0.8112051,Žñ,,,,1,0,0,0,False,0,0,0,0,0,0,0,0,0
-0.09468,16.93734,0.21026,-0.3261337,0.02090756,0.9450925,Žñ,,,,1,0,0,0,False,0,0,0,0,0,0,0,0,0
-0.20222,17.02093,0.16312,-0.5684081,-0.06402891,0.8202516,Žñ,“ª,,,0.6972891,0.3027109,0,0,False,0,0,0,0,0,0,0,0,0
-0.3114,17.02052,0.05631,-0.8046522,-0.07982477,0.5883561,Žñ,“ª,,,0.6874601,0.3125399,0,0,False,0,0,0,0,0,0,0,0,0
-0.09695,17.02047,0.21163,-0.3225012,-0.06417603,0.944391,Žñ,“ª,,,0.7103586,0.2896414,0,0,False,0,0,0,0,0,0,0,0,0
-0.36227,17.01607,-0.10056,-0.9684289,-0.05933006,-0.2421266,Žñ,“ª,,,0.6694902,0.3305098,0,0,False,0,0,0,0,0,0,0,0,0
0.09836,17.1062,0.22145,0.3299222,-0.1632891,0.9297785,“ª,Žñ,,,0.6,0.4,0,0,False,0,0,0,0,0,0,0,0,0
0.20135,17.10771,0.17079,0.5677279,-0.134339,0.8121811,“ª,Žñ,,,0.6,0.4,0,0,False,0,0,0,0,0,0,0,0,0
0,17.10587,0.24254,0,-0.1832044,0.9830748,“ª,Žñ,,,0.6,0.4,0,0,False,0,0,0,0,0,0,0,0,0
0.31996,17.10677,0.0608,0.8091569,-0.1387949,0.5709651,“ª,Žñ,,,0.6,0.4,0,0,False,0,0,0,0,0,0,0,0,0
-0.09836,17.1062,0.22145,-0.3299222,-0.163289,0.9297785,“ª,Žñ,,,0.6,0.4,0,0,False,0,0,0,0,0,0,0,0,0
0.37522,17.10065,-0.07364,0.9744564,-0.1310155,-0.1823997,“ª,Žñ,,,0.8,0.2,0,0,False,0,0,0,0,0,0,0,0,0
-0.20135,17.10771,0.17079,-0.5677279,-0.134339,0.8121811,“ª,Žñ,,,0.6,0.4,0,0,False,0,0,0,0,0,0,0,0,0
-0.31996,17.10677,0.0608,-0.8091569,-0.1387949,0.5709651,“ª,Žñ,,,0.6,0.4,0,0,False,0,0,0,0,0,0,0,0,0
-0.37522,17.10065,-0.07364,-0.9744564,-0.1310155,-0.1823997,“ª,Žñ,,,0.8,0.2,0,0,False,0,0,0,0,0,0,0,0,0
0.37009,17.01743,-0.06164,0.9773853,-0.09142336,0.190682,Žñ,“ª,,,0.6823488,0.3176512,0,0,False,0,0,0,0,0,0,0,0,0
-0.37009,17.01743,-0.06164,-0.9771,-0.09792151,0.18891,Žñ,“ª,,,0.6823488,0.3176512,0,0,False,0,0,0,0,0,0,0,0,0
0.37835,17.10181,-0.05209,0.9604923,-0.1580373,0.2290826,“ª,Žñ,,,0.8,0.2,0,0,False,0,0,0,0,0,0,0,0,0
-0.37835,17.10181,-0.05209,-0.9604923,-0.1580373,0.2290826,“ª,Žñ,,,0.8,0.2,0,0,False,0,0,0,0,0,0,0,0,0
0.07602,16.81831,-0.45206,0.4088255,-0.1411766,-0.9016268,Žñ,,,,1,0,0,0,False,0,0,0,0,0,0,0,0,0
0.15908,16.83657,-0.40219,0.6640178,-0.08110005,-0.7433056,Žñ,,,,1,0,0,0,False,0,0,0,0,0,0,0,0,0
-0.07602,16.81831,-0.45206,-0.4088255,-0.1411766,-0.9016268,Žñ,,,,1,0,0,0,False,0,0,0,0,0,0,0,0,0
-0.15908,16.83657,-0.40219,-0.6658154,-0.07879777,-0.741944,Žñ,,,,1,0,0,0,False,0,0,0,0,0,0,0,0,0
0.34862,16.91792,-0.13329,0.9466898,-0.03851695,-0.3198357,Žñ,,,,1,0,0,0,False,0,0,0,0,0,0,0,0,0
0.3072,16.89627,-0.22724,0.8574672,-0.01498539,-0.5143203,Žñ,,,,1,0,0,0,False,0,0,0,0,0,0,0,0,0
-0.34862,16.91792,-0.13329,-0.951225,-0.04508977,-0.305185,Žñ,,,,1,0,0,0,False,0,0,0,0,0,0,0,0,0
-0.3072,16.89627,-0.22724,-0.8574672,-0.01498539,-0.5143203,Žñ,,,,1,0,0,0,False,0,0,0,0,0,0,0,0,0
0,17.19879,0.26641,0,-0.3738808,0.9274767,“ª,Žñ,,,0.8,0.2,0,0,False,0,0,0,0,0,0,0,0,0
0.10133,17.20099,0.24627,0.3012264,-0.4146528,0.8586767,“ª,Žñ,,,0.8,0.2,0,0,False,0,0,0,0,0,0,0,0,0
-0.10133,17.20099,0.24627,-0.3012264,-0.4146528,0.8586767,“ª,Žñ,,,0.8,0.2,0,0,False,0,0,0,0,0,0,0,0,0
0.20734,17.20013,0.1842,0.5420113,-0.3996661,0.73925,“ª,Žñ,,,0.8,0.2,0,0,False,0,0,0,0,0,0,0,0,0
-0.20734,17.20013,0.1842,-0.5420113,-0.3996661,0.73925,“ª,Žñ,,,0.8,0.2,0,0,False,0,0,0,0,0,0,0,0,0
0.32304,17.32183,0.1856,0.6306835,-0.548193,0.5492927,“ª,,,,1,0,0,0,False,0,0,0,0,0,0,0,0,0
-0.32304,17.32183,0.1856,-0.6306835,-0.548193,0.5492927,“ª,,,,1,0,0,0,False,0,0,0,0,0,0,0,0,0
0.22775,17.32829,0.2671,0.4215788,-0.5703446,0.7049669,“ª,,,,1,0,0,0,False,0,0,0,0,0,0,0,0,0
-0.22775,17.32829,0.2671,-0.4215788,-0.5703446,0.7049669,“ª,,,,1,0,0,0,False,0,0,0,0,0,0,0,0,0
0.10713,17.31846,0.31385,0.232108,-0.5788642,0.7816917,“ª,,,,1,0,0,0,False,0,0,0,0,0,0,0,0,0
-0.10713,17.31846,0.31385,-0.232108,-0.5788642,0.7816917,“ª,,,,1,0,0,0,False,0,0,0,0,0,0,0,0,0
0,17.30797,0.32734,5.053249E-09,-0.5450938,0.8383751,“ª,,,,1,0,0,0,False,0,0,0,0,0,0,0,0,0
0.38523,17.3099,0.07533,0.7716979,-0.4536088,0.4457817,“ª,,,,1,0,0,0,False,0,0,0,0,0,0,0,0,0
-0.38523,17.3099,0.07533,-0.7716979,-0.4536088,0.4457817,“ª,,,,1,0,0,0,False,0,0,0,0,0,0,0,0,0
0.33713,17.19966,0.0672,0.7867999,-0.3243542,0.5251098,“ª,Žñ,,,0.8,0.2,0,0,False,0,0,0,0,0,0,0,0,0
-0.33713,17.19966,0.0672,-0.7867999,-0.3243542,0.5251098,“ª,Žñ,,,0.8,0.2,0,0,False,0,0,0,0,0,0,0,0,0
0.4485,17.39939,0.0754,0.7770633,-0.528093,0.3424769,“ª,,,,1,0,0,0,False,0,0,0,0,0,0,0,0,0
-0.4485,17.39939,0.0754,-0.7770633,-0.528093,0.3424769,“ª,,,,1,0,0,0,False,0,0,0,0,0,0,0,0,0
0.43594,17.30172,-0.02954,0.8622328,-0.4515306,0.2295099,“ª,,,,1,0,0,0,False,0,0,0,0,0,0,0,0,0
-0.43594,17.30172,-0.02954,-0.8622327,-0.4515306,0.2295099,“ª,,,,1,0,0,0,False,0,0,0,0,0,0,0,0,0
0.39467,17.19407,-0.04744,0.9621951,-0.2605437,0.07935737,“ª,Žñ,,,0.9,0.09999996,0,0,False,0,0,0,0,0,0,0,0,0
-0.39467,17.19407,-0.04744,-0.962195,-0.2605437,0.07935739,“ª,Žñ,,,0.9,0.09999996,0,0,False,0,0,0,0,0,0,0,0,0
0.38678,17.18898,-0.14285,0.9090459,-0.4016578,-0.1109351,“ª,,,,1,0,0,0,False,0,0,0,0,0,0,0,0,0
-0.38678,17.18898,-0.14285,-0.9076292,-0.4039481,-0.1141722,“ª,,,,1,0,0,0,False,0,0,0,0,0,0,0,0,0
0.35917,17.0943,-0.16328,0.9392949,-0.1845115,-0.2892758,“ª,Žñ,,,0.9,0.09999996,0,0,False,0,0,0,0,0,0,0,0,0
-0.35917,17.0943,-0.16328,-0.9370557,-0.1814234,-0.2983489,“ª,Žñ,,,0.9,0.09999996,0,0,False,0,0,0,0,0,0,0,0,0
0.33306,17.0082,-0.18969,0.9102937,-0.09143343,-0.4037391,Žñ,“ª,,,0.5941452,0.4058548,0,0,False,0,0,0,0,0,0,0,0,0
-0.33306,17.0082,-0.18969,-0.9092231,-0.08667503,-0.4071864,Žñ,“ª,,,0.5941452,0.4058548,0,0,False,0,0,0,0,0,0,0,0,0
0.28235,17.00424,-0.26463,0.8260381,-0.08278312,-0.5575017,“ª,Žñ,,,0.6568205,0.3431795,0,0,False,0,0,0,0,0,0,0,0,0
-0.28235,17.00424,-0.26463,-0.8206357,-0.06820991,-0.5673661,“ª,Žñ,,,0.6568207,0.3431793,0,0,False,0,0,0,0,0,0,0,0,0
0.24337,17.00284,-0.32757,0.8506283,-0.3474835,-0.3945718,“ª,Žñ,,,0.85,0.15,0,0,False,0,0,0,0,0,0,0,0,0
-0.24096,17.00284,-0.32757,-0.8519419,-0.3497666,-0.3896899,“ª,Žñ,,,0.85,0.15,0,0,False,0,0,0,0,0,0,0,0,0
0.23382,16.8679,-0.31634,0.7738789,-0.03115946,-0.6325666,Žñ,,,,1,0,0,0,False,0,0,0,0,0,0,0,0,0
-0.23382,16.8679,-0.31634,-0.7707155,-0.02656023,-0.6366257,Žñ,,,,1,0,0,0,False,0,0,0,0,0,0,0,0,0
0.07654,16.88908,-0.47373,0.5003497,-0.6504652,-0.5714414,“ª,Žñ,,,0.85,0.15,0,0,False,0,0,0,0,0,0,0,0,0
-0.07654,16.88908,-0.47373,-0.5003497,-0.6504652,-0.5714414,“ª,Žñ,,,0.85,0.15,0,0,False,0,0,0,0,0,0,0,0,0
0,16.86736,-0.49334,0,-0.8019869,-0.5973416,“ª,Žñ,,,0.85,0.15,0,0,False,0,0,0,0,0,0,0,0,0
0.16931,16.93879,-0.41206,0.7171984,-0.5889413,-0.3725248,“ª,Žñ,,,0.85,0.15,0,0,False,0,0,0,0,0,0,0,0,0
-0.16931,16.93879,-0.41206,-0.719217,-0.5913699,-0.3647034,“ª,Žñ,,,0.85,0.15,0,0,False,0,0,0,0,0,0,0,0,0
0.31291,17.09006,-0.23847,0.8782915,-0.3376042,-0.3385667,“ª,,,,1,0,0,0,False,0,0,0,0,0,0,0,0,0
-0.3105,17.09006,-0.23847,-0.8768528,-0.3380153,-0.3418695,“ª,,,,1,0,0,0,False,0,0,0,0,0,0,0,0,0
0.45829,17.52625,0.26746,0.6785842,-0.5926251,0.4339573,“ª,,,,1,0,0,0,False,0,0,0,0,0,0,0,0,0
-0.45829,17.52625,0.26746,-0.6785842,-0.5926251,0.4339573,“ª,,,,1,0,0,0,False,0,0,0,0,0,0,0,0,0
0.35936,17.51984,0.35841,0.5055534,-0.604598,0.6155299,“ª,,,,1,0,0,0,False,0,0,0,0,0,0,0,0,0
-0.35936,17.51984,0.35841,-0.5055534,-0.604598,0.6155299,“ª,,,,1,0,0,0,False,0,0,0,0,0,0,0,0,0
0.17255,17.49849,0.4478,0.297132,-0.6259335,0.7210547,“ª,,,,1,0,0,0,False,0,0,0,0,0,0,0,0,0
0,17.48459,0.47358,-3.774482E-09,-0.6364738,0.7712983,“ª,,,,1,0,0,0,False,0,0,0,0,0,0,0,0,0
-0.17255,17.49849,0.4478,-0.297132,-0.6259335,0.7210547,“ª,,,,1,0,0,0,False,0,0,0,0,0,0,0,0,0
0.56541,17.69389,0.3303,0.7352886,-0.5557406,0.3879474,“ª,,,,1,0,0,0,False,0,0,0,0,0,0,0,0,0
-0.56541,17.69389,0.3303,-0.7352886,-0.5557406,0.3879474,“ª,,,,1,0,0,0,False,0,0,0,0,0,0,0,0,0
0.53422,17.52646,0.08406001,0.7720267,-0.5751616,0.2704881,“ª,,,,1,0,0,0,False,0,0,0,0,0,0,0,0,0
-0.53422,17.52646,0.08406001,-0.7720267,-0.5751616,0.2704881,“ª,,,,1,0,0,0,False,0,0,0,0,0,0,0,0,0
0.64287,17.67643,0.11167,0.8045611,-0.5217914,0.2835758,“ª,,,,1,0,0,0,False,0,0,0,0,0,0,0,0,0
-0.64287,17.67643,0.11167,-0.8045611,-0.5217914,0.2835758,“ª,,,,1,0,0,0,False,0,0,0,0,0,0,0,0,0
0.69499,17.79513,0.13096,0.8724188,-0.3965138,0.2857663,“ª,,,,1,0,0,0,False,0,0,0,0,0,0,0,0,0
-0.69499,17.79513,0.13096,-0.8724188,-0.3965138,0.2857663,“ª,,,,1,0,0,0,False,0,0,0,0,0,0,0,0,0
